0;-2;Mon Jun 21 00:48:25 GMT+02:00 2021;;
4461077551;50;ACTIVITY3;3
4461090887;0;0.22013968;-0.059820566;9.875777
4462265105;3;-0.022372281;0.030084228;-0.0021379655
4463253751;4;-3.45;-13.14375;-34.0125
4463253751;6;2.9252365;0.008185294;-0.014686238
4463253751;7;-0.97655505;0.21466509;0.016100274;-0.21476653;-0.9766535;-0.004840898;0.014685218;-0.008185203;0.9998587
4463439741;0;0.14596218;-0.08135597;9.93799
4464614324;3;-0.03397838;0.023975754;-0.003970507
4465762553;2;-0.07003538;0.05614698;-0.10139084
4465762553;1;0.19424546;-0.14221287;9.803695
4465762553;18;-0.007283285;-0.009881073;-0.0032243726
4465762553;12;-0.01054256;0.0062877876;-0.99549305;0.09403686
4465762553;11;169.21564;0.83091396;1.135081
4465789376;0;0.11246266;-0.09810573;9.978668
4466964428;3;-0.038865156;0.014813046;-0.00335966
4468139064;0;0.1363909;-0.1268196;9.997811
4469313647;3;-0.045584477;-0.0010689828;-0.0027488125
4470460262;1;0.19411822;-0.14418529;9.803668
4470460262;2;-0.05553022;0.009084433;-0.058960915
4470460262;18;-0.007383937;-0.009874198;-0.0032340465
4470460262;12;-0.010545372;0.0063888514;-0.99549526;0.09400643
4470460262;11;169.21925;0.84243923;1.1343409
4470487918;0;0.15074782;-0.15074782;10.002597
4471662137;3;-0.04314109;-0.01267508;-0.0021379655
4472836772;0;0.16271193;-0.16749759;10.028918
4473253751;4;-3.54375;-14.55;-36.581253
4473253751;6;2.9527128;0.017289076;-0.017528556
4473253751;7;-0.9820074;0.1877308;0.020461451;-0.18802765;-0.98206836;-0.013687165;0.01752504;-0.017288215;0.99969697
4474011355;3;-0.037643462;-0.016951011;-0.0027488125
4475159585;1;0.19469802;-0.14589396;9.803631
4475159585;2;-0.029790938;-0.02148202;0.005672455
4475159585;18;-0.007471232;-0.009903438;-0.0032408424
4475159585;12;-0.010581732;0.006474902;-0.9955128;0.09381023
4475159585;11;169.24194;0.8524233;1.1377325
4475186407;0;0.17706887;-0.17467605;10.100702
4476361460;3;-0.0290916;-0.018783553;-0.0027488125
4477536043;0;0.20578274;-0.19860429;10.153345
4478710626;3;-0.016263809;-0.01267508;-0.00335966
4479857241;1;0.19527526;-0.14683484;9.803606
4479857241;2;0.023465559;-0.060005397;0.108914375
4479857241;18;-0.007519378;-0.009932668;-0.0032479835
4479857241;12;-0.010614921;0.006520919;-0.99552107;0.09371533
4479857241;11;169.25293;0.857921;1.1411078
4479884897;0;0.2416751;-0.22253251;10.184451
4481059116;3;-0.004046863;-0.0047340663;-0.003970507
4482233751;0;0.2536392;-0.2105684;10.20838
4483253751;4;-4.6875;-14.043751;-35.325
4483253751;6;2.8883379;0.018792264;-0.024905255
4483253751;7;-0.9676846;0.25051194;0.028815115;-0.25093153;-0.9679312;-0.011946598;0.024898283;-0.018791158;0.9995134
4483408387;3;0.010002624;0.009315421;-0.005803049
4484556616;2;0.053551733;-0.050727963;0.13409996
4484556616;1;0.19509724;-0.14652686;9.803615
4484556616;18;-0.007503731;-0.009923573;-0.0032569421
4484556616;12;-0.010615556;0.00648793;-0.99535906;0.095423214
4484556616;11;169.0563;0.85612136;1.1400665
4484583439;0;0.2536392;-0.19142582;10.182058
4485758491;3;0.020387027;0.016645588;-0.005803049
4486933074;0;0.2440679;-0.18664017;10.136595
4488107657;3;0.027717194;0.02275406;-0.0051922016
4489254272;1;0.194243;-0.14534977;9.803649
4489254272;2;0.03646241;-0.03277549;0.060525894
4489254272;18;-0.007443699;-0.009880099;-0.0032706063
4489254272;12;-0.0105673345;0.0064308993;-0.99534696;0.09555862
4489254272;11;169.04063;0.84924346;1.1350721
4489281928;0;0.22731815;-0.17706887;10.107881
4490456147;3;0.034436513;0.027029991;-0.006413896
4491630782;0;0.20578274;-0.1698904;10.074382
4492805418;3;0.039323293;0.028862532;-0.008246438
4493253699;4;-4.5750003;-14.606251;-36.28125
4493253699;6;2.8946972;0.015470717;-0.02071009
4493253699;7;-0.9693896;0.24436551;0.023860643;-0.244653;-0.96955985;-0.009936689;0.020706132;-0.0154701;0.9996659
4493953595;1;0.19306192;-0.14364089;9.803698
4493953595;2;0.008945227;-0.015376449;6.1511993E-4
4493953595;18;-0.0073564895;-0.009820052;-0.0032840306
4493953595;12;-0.01050832;0.006334553;-0.99520737;0.097013906
4493953595;11;168.87292;0.83925813;1.1281666
4493980470;0;0.20817557;-0.15553348;10.050453
4495155470;3;0.03993414;0.025808297;-0.008246438
4496330105;0;0.2009971;-0.14117654;10.033704
4497504689;3;0.039323293;0.02519745;-0.008857286
4498651303;2;-0.0078454465;0.009143874;-0.044545174
4498651303;1;0.19193394;-0.14187801;9.803745
4498651303;18;-0.007266588;-0.009762683;-0.0033028938
4498651303;12;-0.0104434965;0.0062487326;-0.9951907;0.09719778
4498651303;11;168.85165;0.8289573;1.1215714
4498678960;0;0.17706887;-0.13160525;10.000204
4499853178;3;0.033825666;0.021532366;-0.0076355906
4501027814;0;0.1794617;-0.13160525;9.957133
4502202449;3;0.03260397;0.023364907;-0.0076355906
4503253647;4;-4.2375;-14.00625;-36.45
4503253647;6;2.9044456;0.0139646325;-0.019986501
4503253647;7;-0.9717524;0.23490763;0.022705786;-0.23515488;-0.97191733;-0.008875513;0.019983223;-0.013964179;0.9997028
4503350626;1;0.19072774;-0.14039364;9.80379
4503350626;2;-0.0065888315;0.00880377;-0.11425495
4503350626;18;-0.0071908724;-0.009701284;-0.003321653
4503350626;12;-0.010381703;0.006167963;-0.99508435;0.09829215
4503350626;11;168.72548;0.82028395;1.1145196
4503377501;0;0.19860429;-0.13878371;9.935597
4504552501;3;0.02893889;0.027640838;-0.0070247436
4505727137;0;0.2105684;-0.14356937;9.940384
4506901720;3;0.027106347;0.033749312;-0.0076355906
4508048335;1;0.18917057;-0.13918412;9.803838
4508048335;18;-0.007129088;-0.009621958;-0.0033384063
4508048335;2;0.014179274;-8.2954764E-4;-0.10741806
4508048335;11;168.69952;0.81321657;1.1054173
4508048335;12;-0.010297991;0.006112065;-0.99506336;0.09851655
4508075991;0;0.20578274;-0.14356937;9.964312
4509250210;3;0.025884653;0.039857782;-0.008246438
4510424845;0;0.20578274;-0.12921242;10.00499
4511599480;3;0.020387027;0.04046863;-0.006413896
4512747657;1;0.18738635;-0.13811211;9.803887
4512747657;2;0.017213717;0.016021341;-0.041285515
4512747657;18;-0.0070742914;-0.009531022;-0.0033569385
4512747657;12;-0.010201886;0.006066917;-0.9950674;0.09848829
4512747657;11;168.70265;0.80695266;1.0949881
4512774532;0;0.21296121;-0.12203395;10.031311
4513425522;4;-3.73125;-12.8625;-36.28125
4513425522;6;2.9224057;0.013081501;-0.020933123
4513425522;7;-0.97580117;0.21741739;0.023274483;-0.21765561;-0.9759911;-0.008214076;0.020929804;-0.013081128;0.99969536
4513949532;3;0.020387027;0.04352287;-0.0045813546
4515124168;0;0.2105684;-0.13160525;10.0576315
4516298751;3;0.022830416;0.047798797;-0.00335966
4517445366;2;0.022869885;0.0017273277;0.011231422
4517445366;1;0.18537198;-0.13701293;9.803941
4517445366;18;-0.007018014;-0.009428394;-0.003370112
4517445366;12;-0.010094461;0.006020713;-0.99506354;0.098541446
4517445366;11;168.69641;0.80053;1.0832142
4517473022;0;0.21535404;-0.14596218;10.083953
4518647241;3;0.024052111;0.047798797;-0.0027488125
4519821876;0;0.2105684;-0.148355;10.093524
4520996512;3;0.022219568;0.04718795;-0.003970507
4522144689;2;0.015363663;-0.011147633;0.03601265
4522144689;1;0.18334883;-0.13612728;9.80399
4522144689;18;-0.006972568;-0.0093253255;-0.0033774283
4522144689;12;-0.009987173;0.0059862155;-0.9950676;0.09851344
4522144689;11;168.69952;0.7953551;1.0713892
4522171564;0;0.19621146;-0.15314065;10.0983095
4523253751;4;-3.6000001;-13.275001;-35.30625
4523253751;6;2.9337804;0.016570348;-0.019177191
4523253751;7;-0.9782392;0.20629133;0.02218144;-0.20659262;-0.9783503;-0.01225372;0.019173382;-0.01656959;0.99967885
4523346564;3;0.01977618;0.045966256;-0.0051922016
4524521199;0;0.19381863;-0.16749759;10.105488
4525695782;3;0.025273805;0.044744562;-0.0051922016
4526842397;1;0.18129073;-0.13516086;9.804043
4526842397;2;0.004300669;-0.028892562;0.04633999
4526842397;18;-0.0069230287;-0.009220462;-0.0033884502
4526842397;12;-0.009878016;0.0059472728;-0.9950665;0.09853738
4526842397;11;168.69664;0.7897082;1.0593599
4526870053;0;0.18664017;-0.16749759;10.107881
4528044272;3;0.0264955;0.045966256;-0.0045813546
4529218907;0;0.2009971;-0.148355;10.086346
4530393543;3;0.022830416;0.044133715;-0.0070247436
4531541720;1;0.17933586;-0.13408373;9.804093
4531541720;2;0.014682353;-0.008448243;0.023344994
4531541720;18;-0.0068678665;-0.009120881;-0.0034000124
4531541720;12;-0.009773205;0.005902755;-0.9950711;0.098504715
4531541720;11;168.70029;0.7834144;1.047934
4531568595;0;0.19621146;-0.14356937;10.08156
4532743595;3;0.0264955;0.045966256;-0.0070247436
4533253803;4;-3.0;-13.106251;-34.331253
4533253803;6;2.9676118;0.014220703;-0.017778013
4533253803;7;-0.9847041;0.17308693;0.019969901;-0.17332605;-0.98480386;-0.010926044;0.017775279;-0.014220224;0.9997409
4533918230;0;0.1794617;-0.14356937;10.093524
4535092814;3;0.027106347;0.042301174;-0.005803049
4536239428;1;0.17750756;-0.13283661;9.804143
4536239428;2;0.004582286;-0.004935533;0.03734207
4536239428;18;-0.0068041026;-0.009027749;-0.0034167354
4536239428;12;-0.009673593;0.005849588;-0.9950819;0.09840846
4536239428;11;168.71123;0.77612746;1.0372475
4536267085;0;0.19381863;-0.13878371;10.103095
4537441303;3;0.028328042;0.03863609;-0.0070247436
4538615939;0;0.18903299;-0.14356937;10.103095
4539790522;3;0.024662958;0.03191677;-0.0070247436
4540938751;2;0.0095118135;-0.007216558;0.036990166
4540938751;1;0.17619786;-0.1317762;9.804182
4540938751;18;-0.006749932;-0.008961042;-0.0034317565
4540938751;12;-0.009601648;0.0058026053;-0.9950855;0.09838182
4540938751;11;168.71422;0.76993126;1.0295919
4540965574;0;0.19142582;-0.14117654;10.093524
4542140626;3;0.023441264;0.028251685;-0.0070247436
4543253803;4;-3.7500002;-13.14375;-35.15625
4543253803;6;2.9135654;0.011896079;-0.017132003
4543253803;7;-0.9739253;0.22604032;0.019376438;-0.22622164;-0.97404534;-0.0077135595;0.017129952;-0.011895799;0.99978244
4543315210;0;0.18903299;-0.13160525;10.083953
4544489793;3;0.021608721;0.027029991;-0.008857286
4545636407;1;0.17493835;-0.13073061;9.804218
4545636407;2;0.0012267381;0.008470044;0.008155823
4545636407;18;-0.0066965395;-0.008896886;-0.0034481613
4545636407;12;-0.009532901;0.0057551735;-0.9950793;0.09845398
4545636407;11;168.70581;0.7638219;1.0222299
4545664064;0;0.17228323;-0.11964113;10.055239
4546838282;3;0.020387027;0.028251685;-0.0076355906
4548012918;0;0.1794617;-0.10767702;10.024133
4549187553;3;0.016111096;0.026419144;-0.009468133
4550335782;1;0.17377543;-0.12991257;9.80425
4550335782;2;3.285706E-5;0.020793013;-0.04536152
4550335782;18;-0.0066547883;-0.008837601;-0.0034674134
4550335782;12;-0.009470731;0.0057179234;-0.9950637;0.098619565
4550335782;11;168.68666;0.759042;1.0154328
4550362605;0;0.17706887;-0.11724831;10.007382
4551537657;3;0.011835165;0.024586603;-0.008857286
4552712241;0;0.17228323;-0.124426775;10.007382
4553361512;4;-2.23125;-12.375001;-35.100002
4553361512;6;3.0161912;0.011461078;-0.017670857
4553361512;7;-0.9919673;0.12506476;0.018964402;-0.12525436;-0.99208236;-0.009159025;0.017668776;-0.011460828;0.99977815
4553886824;3;0.0075592347;0.025808297;-0.008246438
4555033439;2;-0.0023090243;0.0131638795;-0.04738331
4555033439;1;0.17256491;-0.12948228;9.804276
4555033439;18;-0.006632819;-0.008775805;-0.0034888978
4555033439;12;-0.00940045;0.0057131946;-0.9951793;0.097453475
4555033439;11;168.82089;0.7565279;1.0083579
4555061095;0;0.17706887;-0.11485548;10.019346
4556235314;3;0.00633754;0.026419144;-0.0070247436
4557409949;0;0.1698904;-0.124426775;10.007382
4558584585;3;0.005726693;0.02519745;-0.009468133
4559732814;1;0.17134812;-0.12923881;9.804301
4559732814;2;-0.008236289;0.0021357536;-0.043450356
4559732814;18;-0.006620342;-0.00871368;-0.0035070062
4559732814;12;-0.009338396;0.0057053934;-0.99516433;0.097612195
4559732814;11;168.80255;0.7551052;1.0012467
4559759637;0;0.16510476;-0.1363909;10.0265255
4560934689;3;0.0038941512;0.02519745;-0.009468133
4562109272;0;0.17706887;-0.12921242;10.071989
4563253751;4;-3.1312501;-12.69375;-36.412502
4563253751;6;2.9547083;0.013282267;-0.0175535
4563253751;7;-0.9823933;0.185782;0.019714344;-0.18599884;-0.9825014;-0.009787358;0.017551051;-0.013281877;0.99975777
4563283855;3;0.0045049987;0.024586603;-0.009468133
4564430470;2;0.0025042295;6.9601834E-4;0.018614769
4564430470;1;0.17021096;-0.12900029;9.804323
4564430470;18;-0.0066081677;-0.008655588;-0.0035295007
4564430470;12;-0.009279444;0.0056990366;-0.9951659;0.09760265
4564430470;11;168.8036;0.7537116;0.9946012
4564458126;0;0.17706887;-0.13399807;10.086346
4565632345;3;0.0051158457;0.025808297;-0.01007898
4566806980;0;0.16749759;-0.148355;10.093524
4567981616;3;0.008170082;0.02519745;-0.008857286
4569129793;1;0.16902499;-0.12870717;9.804348
4569129793;2;-0.008254409;-0.015162542;0.035054207
4569129793;18;-0.006593204;-0.008595012;-0.0035527241
4569129793;12;-0.009218691;0.0056886114;-0.99515116;0.09775917
4569129793;11;168.78555;0.7519989;0.9876699
4569156668;0;0.16271193;-0.14596218;10.0983095
4570331668;3;0.009391776;0.023364907;-0.01007898
4571506303;0;0.15553348;-0.1363909;10.100702
4572680887;3;0.009391776;0.024586603;-0.008857286
4573253647;4;-4.2000003;-13.293751;-36.91875
4573253647;6;2.8854017;0.013516593;-0.01588956
4573253647;7;-0.9671857;0.25337452;0.018794851;-0.25357342;-0.9672739;-0.009047184;0.015887441;-0.013516181;0.99978244
4573827501;2;-0.014190137;-0.0049310774;0.0335474
4573827501;1;0.16780555;-0.12817544;9.804378
4573827501;18;-0.006566057;-0.008532776;-0.0035751627
4573827501;12;-0.009161597;0.00565566;-0.9950224;0.09906779
4573827501;11;168.63477;0.7488918;0.9805427
4573855157;0;0.16031912;-0.1363909;10.088738
4575029376;3;0.014889402;0.023364907;-0.011300675
4576204012;0;0.16510476;-0.148355;10.083953
4577378647;3;0.01733279;0.024586603;-0.009468133
4578526824;1;0.1666604;-0.12753034;9.804405
4578526824;2;-0.0034420043;-0.02354619;0.023741722
4578526824;18;-0.0065331515;-0.0084743425;-0.0035989427
4578526824;12;-0.009101136;0.0056272442;-0.99500716;0.09922812
4578526824;11;168.61623;0.7451225;0.9738498
4578553699;0;0.1698904;-0.16031912;10.086346
4579728699;3;0.018554486;0.023975754;-0.008857286
4580903335;0;0.1794617;-0.14596218;10.083953
4582077918;3;0.018554486;0.025808297;-0.011300675
4583224532;1;0.16554642;-0.12672204;9.804434
4583224532;2;0.0036830455;-0.008811474;0.02351284
4583224532;18;-0.00649191;-0.008417545;-0.003620425
4583224532;12;-0.009041421;0.0055904086;-0.9949919;0.09938863
4583224532;11;168.59767;0.7403996;0.9673389
4583252189;0;0.16749759;-0.13160525;10.086346
4583253647;4;-4.18125;-13.012501;-36.131252
4583253647;6;2.8817623;0.014464943;-0.016126677
4583253647;7;-0.9662479;0.25688973;0.019300355;-0.2571086;-0.9663324;-0.009834068;0.016124291;-0.014464438;0.99976534
4584426407;3;0.019165333;0.023975754;-0.008857286
4585601043;0;0.16271193;-0.14596218;10.088738
4586775678;3;0.021608721;0.022143213;-0.008246438
4587923855;2;-0.005868897;-0.015723467;0.02447033
4587923855;1;0.16435277;-0.12581638;9.804465
4587923855;18;-0.0064457045;-0.008356691;-0.0036440627
4587923855;12;-0.0089837685;0.005538348;-0.99485725;0.100735456
4587923855;11;168.44247;0.73510784;0.96036226
4587950730;0;0.16271193;-0.14356937;10.083953
4589125730;3;0.022830416;0.027640838;-0.008857286
4590300366;0;0.16271193;-0.13399807;10.076775
4591474949;3;0.022830416;0.026419144;-0.010689827
4592621564;1;0.16308358;-0.124862716;9.804499
4592621564;2;-0.0033717304;-0.004729852;0.01710987
4592621564;18;-0.006397003;-0.00829202;-0.0036640048
4592621564;12;-0.008915494;0.005494835;-0.99483943;0.10091963
4592621564;11;168.42117;0.7295356;0.95294416
4592649220;0;0.16510476;-0.13160525;10.08156
4593300157;4;-0.73125005;-11.868751;-35.71875
4593300157;6;3.1304216;0.012345544;-0.016620612
4593300157;7;-0.9997972;0.011169958;0.016756698;-0.011374429;-0.9998614;-0.012157098;0.01661858;-0.01234523;0.99978566
4593823439;3;0.01977618;0.027640838;-0.01007898
4594998074;0;0.16749759;-0.124426775;10.076775
4596172710;3;0.016721943;0.02275406;-0.009468133
4597320887;1;0.16200311;-0.12407713;9.804526
4597320887;2;-0.0010662079;0.007631764;0.0026950836
4597320887;18;-0.0063569406;-0.008236916;-0.0036882611
4597320887;12;-0.008839179;0.0054887524;-0.9951569;0.097747006
4597320887;11;168.78648;0.72494537;0.9466292
4597347762;0;0.16271193;-0.11485548;10.052846
4598522762;3;0.014278554;0.023975754;-0.009468133
4599697397;0;0.17228323;-0.10767702;10.016953
4600871980;3;0.005726693;0.020310672;-0.008246438
4602018595;1;0.16107194;-0.123706125;9.804547
4602018595;2;0.017853498;0.018018074;-0.060263634
4602018595;18;-0.006338026;-0.008189362;-0.0037103682
4602018595;12;-0.008790773;0.005473439;-0.9951449;0.09787443
4602018595;11;168.77176;0.7227776;0.9411871
4602046251;0;0.19381863;-0.11006984;9.985847
4603220470;3;0.0038941512;0.027029991;-0.009468133
4603253699;4;-3.7500002;-13.14375;-35.475002
4603253699;6;2.921739;0.01007852;-0.020639133
4603253699;7;-0.9756762;0.2180756;0.022338392;-0.2182432;-0.9758798;-0.0053328625;0.020636618;-0.010078349;0.9997362
4604395105;0;0.20578274;-0.10049855;9.969097
4605569689;3;-0.008322794;0.022143213;-0.0076355906
4606717918;2;0.042680487;0.034998342;-0.09301376
4606717918;1;0.16022097;-0.12393164;9.804558
4606717918;18;-0.0063495315;-0.008145796;-0.0037312072
4606717918;12;-0.008752843;0.005482543;-0.99507123;0.0986233
4606717918;11;168.68552;0.7240952;0.93621445
4606744741;0;0.20817557;-0.083748795;9.966704
4607919793;3;-0.013820419;0.030695075;-0.008857286
4609094428;0;0.2009971;-0.0741775;9.981061
4610269012;3;-0.01565296;0.035581853;-0.0070247436
4611415626;2;0.038124412;0.04508695;-0.06495285
4611415626;1;0.15883681;-0.12443754;9.804574
4611415626;18;-0.0063752215;-0.008074993;-0.0037511266
4611415626;12;-0.0086860545;0.0055137486;-0.9950555;0.09878628
4611415626;11;168.66673;0.72705126;0.9281262
4611443282;0;0.2009971;-0.09092726;10.009775
4612617501;3;-0.022372281;0.03863609;-0.008857286
4613253647;4;-3.6750002;-14.26875;-34.987503
4613253647;6;2.9426653;0.0126300715;-0.020258239
4613253647;7;-0.9800275;0.19760212;0.022352722;-0.19782813;-0.980201;-0.0083750095;0.020255238;-0.012629735;0.9997151
4613792137;0;0.19860429;-0.11964113;10.028918
4614966720;3;-0.02481567;0.04352287;-0.008857286
4616114949;1;0.1571248;-0.1255297;9.804587
4616114949;2;0.039884552;0.0055051446;-0.026443481
4616114949;18;-0.0064307344;-0.007987365;-0.003770553
4616114949;12;-0.00860692;0.005574341;-0.9950162;0.09918466
4616114949;11;168.62083;0.7334328;0.91812325
4616141772;0;0.20338993;-0.1268196;10.038489
4617316824;3;-0.02481567;0.04535541;-0.011300675
4618491407;0;0.22731815;-0.13160525;10.0576315
4619665991;3;-0.021761434;0.050853033;-0.013744064
4620812605;1;0.15532608;-0.12652576;9.804604
4620812605;2;0.0704592;-0.0042461753;-1.335144E-4
4620812605;18;-0.0064813686;-0.0078952955;-0.003795394
4620812605;12;-0.008521836;0.005632241;-0.9949964;0.09938687
4620812605;11;168.59752;0.73925275;0.9076129
4620840262;0;0.2321038;-0.1363909;10.062417
4622014480;3;-0.020539738;0.052685577;-0.017409148
4623189116;0;0.20578274;-0.14117654;10.074382
4623253647;4;-3.7500002;-13.14375;-35.475002
4623253647;6;2.9173107;0.013963809;-0.01798942
4623253647;7;-0.9747403;0.22238463;0.020642946;-0.22261521;-0.9748588;-0.009610682;0.017986694;-0.013963356;0.99974066
4624363751;3;-0.016874656;0.055128966;-0.018019995
4625511980;1;0.15305206;-0.12726033;9.804629
4625511980;2;0.036876887;-0.010671347;0.030698776
4625511980;18;-0.006518673;-0.007778954;-0.0038332073
4625511980;12;-0.008413189;0.005676573;-0.9949443;0.09991423
4625511980;11;168.53674;0.74354494;0.8943251
4625538803;0;0.18185452;-0.14117654;10.107881
4626713855;3;-0.011987877;0.056961507;-0.018019995
4627888439;0;0.16749759;-0.14596218;10.131809
4629063022;3;-0.005879405;0.059404895;-0.018630842
4630209637;2;0.0060615987;-0.016314656;0.07432461
4630209637;1;0.1504093;-0.12758563;9.8046665
4630209637;18;-0.0065350696;-0.007643849;-0.0038767417
4630209637;12;-0.008280455;0.00570698;-0.9949506;0.09986091
4630209637;11;168.54282;0.7454456;0.87888163
4630237293;0;0.15314065;-0.148355;10.138988
4631411512;3;-0.003436016;0.057572354;-0.019241689
4632586147;0;0.15074782;-0.15314065;10.127024
4633266407;4;-3.0;-13.125001;-34.0125
4633266407;6;2.9599407;0.015632275;-0.01444969
4633266407;7;-0.9834031;0.18063262;0.017035082;-0.18085799;-0.98342645;-0.012762526;0.014447423;-0.015631638;0.9997735
4633760782;3;0.0026724567;0.06062659;-0.018019995
4634908960;2;-0.0030277967;-0.024670929;0.052292824
4634908960;1;0.14759515;-0.12760247;9.8047085
4634908960;18;-0.006535706;-0.0075000534;-0.00392221
4634908960;12;-0.008137157;0.0057230173;-0.9949622;0.099755965
4634908960;11;168.55481;0.7455441;0.8624368
4634935835;0;0.14596218;-0.15792629;10.100702
4636110835;3;0.0045049987;0.06062659;-0.018630842
4637285470;0;0.148355;-0.15314065;10.091131
4638460053;3;0.012446013;0.06368083;-0.018019995
4639606668;2;-0.0026020408;-0.023860514;0.03400135
4639606668;1;0.14484313;-0.12722208;9.804755
4639606668;18;-0.0065160757;-0.0073595135;-0.003966164
4639606668;12;-0.007995353;0.005718043;-0.9949675;0.099714585
4639606668;11;168.55948;0.74332136;0.8463542
4639634324;0;0.14356937;-0.15553348;10.100702
4640808543;3;0.011835165;0.055128966;-0.015576605
4641983178;0;0.12203395;-0.15792629;10.11506
4643157814;3;0.016111096;0.056961507;-0.016187452
4643253699;4;-4.93125;-13.33125;-35.831253
4643253699;6;2.8270094;0.01445895;-0.011852701
4643253699;7;-0.95080566;0.3093878;0.015744193;-0.30956137;-0.95082605;-0.01008056;0.011851185;-0.014458446;0.99982524
4644305991;1;0.14196298;-0.12656045;9.804805
4644305991;2;-0.024789482;-0.02214086;0.041975975
4644305991;18;-0.0064820405;-0.007212526;-0.004006291
4644305991;12;-0.007847907;0.0056962916;-0.9949329;0.100072555
4644305991;11;168.51811;0.7394556;0.82952315
4644332866;0;0.11964113;-0.14596218;10.093524
4645507866;3;0.01977618;0.059404895;-0.014354911
4646682501;0;0.13160525;-0.14117654;10.071989
4647857085;3;0.019165333;0.059404895;-0.016798299
4649003699;1;0.13923556;-0.1258591;9.804853
4649003699;2;-0.01361236;-0.016874224;0.010712624
4649003699;18;-0.006445972;-0.0070733605;-0.004042651
4649003699;12;-0.0077057965;0.0056748283;-0.9949368;0.10004581
4649003699;11;168.52109;0.73535746;0.8135842
4649031355;0;0.1268196;-0.15074782;10.074382
4650205574;3;0.016721943;0.05451812;-0.014965758
4651380210;0;0.11006984;-0.13399807;10.0672035
4652554845;3;0.014278554;0.050242186;-0.013744064
4653253647;4;-3.16875;-13.25625;-37.537502
4653253647;6;2.9463418;0.010968727;-0.012400246
4653253647;7;-0.98089725;0.19400097;0.014292183;-0.19413115;-0.98094004;-0.008353525;0.012399183;-0.010968507;0.99986297
4653703022;1;0.13675264;-0.12518662;9.804898
4653703022;2;-0.030216098;0.0039816797;-0.0072221756
4653703022;18;-0.006411426;-0.006946651;-0.004080419
4653703022;12;-0.0075761676;0.0056536724;-0.9949419;0.10000638
4653703022;11;168.52551;0.731428;0.7990742
4653729897;0;0.11006984;-0.11485548;10.043275
4654904897;3;0.01305686;0.04718795;-0.015576605
4656079532;0;0.124426775;-0.11006984;10.033704
4657254116;3;0.011224318;0.04718795;-0.015576605
4658400730;1;0.13461995;-0.12460414;9.804934
4658400730;2;-0.013659067;0.022533238;-0.03212452
4658400730;18;-0.0063815173;-0.0068378025;-0.004115313
4658400730;12;-0.007464898;0.0056351223;-0.9949446;0.099989235
4658400730;11;168.52739;0.7280248;0.78661126
4658428387;0;0.124426775;-0.10049855;10.0265255
4659602605;3;0.005726693;0.041079476;-0.014354911
4660777241;0;0.13399807;-0.10289137;10.00499
4661951876;3;0.0014507623;0.037414394;-0.016187452
4663100053;2;0.003559783;0.027142264;-0.055621147
4663100053;1;0.13301136;-0.12443537;9.804959
4663100053;18;-0.006372809;-0.006755588;-0.0041508866
4663100053;12;-0.0073821996;0.00563505;-0.99494916;0.09994981
4663100053;11;168.53188;0.72703856;0.777211
4663126928;0;0.14596218;-0.09810573;10.007382
4663253647;4;-4.4625;-12.900001;-35.49375
4663253647;6;2.8485842;0.010509339;-0.012898658
4663253647;7;-0.95726055;0.2888178;0.015383709;-0.2889395;-0.9573265;-0.006334937;0.012897588;-0.010509145;0.9998616
4664301928;3;-0.004046863;0.03436016;-0.018019995
4665476564;0;0.12921242;-0.1052842;10.016953
4666651147;3;-0.010155336;0.028251685;-0.019852536
4667797762;1;0.13177831;-0.12485446;9.80497
4667797762;2;0.0012385994;0.016794488;-0.04092312
4667797762;18;-0.006394187;-0.0066923685;-0.004191481
4667797762;12;-0.0073231948;0.005660763;-0.99492437;0.1001987
4667797762;11;168.50319;0.7294873;0.770006
4667825418;0;0.14356937;-0.11724831;10.024133
4668999637;3;-0.014431266;0.026419144;-0.020463383
4670174272;0;0.15792629;-0.1052842;10.016953
4671348907;3;-0.016874656;0.025808297;-0.02351762
4672497085;1;0.13083775;-0.12556012;9.804974
4672497085;2;0.017770365;0.021105006;-0.04414749
4672497085;18;-0.0064302827;-0.006643953;-0.0042393487
4672497085;12;-0.007279661;0.0057006297;-0.99491435;0.10029949
4672497085;11;168.49156;0.7336105;0.76451063
4672523960;0;0.14596218;-0.11006984;10.016953
4673253647;4;-3.4875002;-11.2875;-35.79375
4673253647;6;2.890702;0.010745467;-0.013850687
4673253647;7;-0.9685618;0.24825256;0.016084053;-0.24838725;-0.9686358;-0.0069692885;0.013849446;-0.01074526;0.9998464
4673698960;3;-0.021761434;0.022143213;-0.024739314
4674873595;0;0.13878371;-0.10767702;10.019346
4676048178;3;-0.027869906;0.019699825;-0.026571855
4677194793;2;0.008975565;0.028166562;-0.041399002
4677194793;1;0.13008058;-0.12661344;9.80497
4677194793;18;-0.0064842044;-0.006604748;-0.004296617
4677194793;12;-0.0072519886;0.0057511963;-0.99482054;0.10122471
4677194793;11;168.38501;0.7397651;0.7600871
4677222449;0;0.14596218;-0.09571291;10.019346
4678396668;3;-0.028480753;0.017256435;-0.028404398
4679571303;0;0.148355;-0.09810573;10.033704
4680745887;3;-0.030924143;0.015423893;-0.029626092
4681894116;1;0.12952805;-0.12775844;9.804962
4681894116;18;-0.0065428955;-0.0065758983;-0.0043619145
4681894116;2;0.016727775;0.038914874;-0.026800156
4681894116;12;-0.007230109;0.005811836;-0.9948162;0.10126531
4681894116;11;168.38036;0.74645543;0.7568595
4681920939;0;0.15074782;-0.086141616;10.033704
4683095991;3;-0.033367533;0.015423893;-0.03268033
4683300001;4;-3.7687502;-13.425;-36.2625
4683300001;6;2.9286094;2.3784385E-4;-0.023786627
4683300001;7;-0.977127;0.21137665;0.023297226;-0.21132241;-0.9774048;0.00479506;0.023784386;-2.3784385E-4;0.9997172
4684270626;0;0.18185452;-0.06460621;10.038489
4685445210;3;-0.03825431;0.012980504;-0.038177952
4686591824;1;0.12962171;-0.1287012;9.80495
4686591824;2;0.0776826;0.098536216;-0.012314796
4686591824;18;-0.0065914732;-0.0065799775;-0.0044360273
4686591824;12;-0.007242261;0.0058560474;-0.994772;0.10169506
4686591824;11;168.33089;0.75196385;0.7574077
4686619480;0;0.23928227;-0.0023928226;10.0576315
4687793699;3;-0.038865156;0.01175881;-0.048562355
4688968335;0;0.29461628;0.04546363;10.052846
4690142918;3;-0.038865156;0.015423893;-0.05955761
4691291147;2;0.15004805;0.44346464;0.03290844
4691291147;1;0.13025649;-0.12653846;9.804969
4691291147;18;-0.0064820293;-0.006612155;-0.0045400467
4691291147;12;-0.0072620893;0.0057445075;-0.9947929;0.10149562
4691291147;11;168.3538;0.7393269;0.76111495
4691317970;0;0.2727818;0.581755;10.134202
4692493022;3;-0.026648212;0.01175881;-0.057725064
4693253699;4;-2.6625001;-14.6625;-34.95
4693253699;6;2.8697839;-0.20385797;-0.018157357
4693253699;7;-0.96411496;0.2629148;-0.03685355;-0.2648891;-0.94333994;0.19985877;0.017780393;0.20244892;0.9791314
4693667605;0;0.18903299;2.152344;10.409676
4694842189;3;0.0014507623;1.5271181E-4;-0.03451287
4695988803;1;0.13065311;-0.101193726;9.805257
4695988803;2;0.03467773;2.982772;0.4504738
4695988803;18;-0.0051908;-0.006637431;-0.004687693
4695988803;12;-0.007152546;0.004454321;-0.9947647;0.101843834
4695988803;11;168.31282;0.5912393;0.7634098
4696016460;0;0.148355;3.6053855;10.620244
4697190678;3;0.036269058;-0.006566608;-0.0015271181
4698365314;0;0.11724831;4.0890346;10.620244
4699539949;3;0.06925481;-0.0029015245;0.030236939
4700688178;1;0.13034704;-0.06394709;9.805575
4700688178;2;-0.034490317;4.0961285;0.5119715
4700688178;18;-0.0032919627;-0.006630495;-0.004741919
4700688178;12;-0.0069461972;0.0025594588;-0.9946668;0.10287431
4700688178;11;168.19273;0.37361625;0.7615969
4700715001;0;0.08135597;3.9717865;10.541281
4701890053;3;0.09185616;7.635591E-4;0.05833591
4703064637;0;0.040677983;3.5814574;10.431211
4703253699;4;-3.45;-13.125001;-35.1375
4703253699;6;2.0966697;-0.30179188;0.004421403
4703253699;7;-0.500827;0.82579774;-0.2592883;-0.8655371;-0.4792823;0.14537545;-0.004221566;0.29723158;0.9547961
4704239220;3;0.10162971;0.00503949;0.080326416
4705385835;1;0.12908036;-0.03139671;9.805751
4705385835;2;-0.13496847;3.4234877;0.28569221
4705385835;18;-0.0016313839;-0.0065739085;-0.004645974
4705385835;12;-0.0067122527;9.073874E-4;-0.99455005;0.10404025
4705385835;11;168.05719;0.18343695;0.75418323
4705413491;0;-0.04546363;3.2009985;10.2825575
4706587710;3;0.09735378;-4.5813544E-4;0.10903624
4707762345;0;-0.17228323;2.94706;10.086346
4708936980;3;0.081471756;-0.009009997;0.14263284
4710085157;2;-0.367997;2.8537023;-0.078751564
4710085157;1;0.12637298;-0.0046005314;9.805835
4710085157;18;-2.631E-4;-0.006442261;-0.004428586
4710085157;12;-0.006432175;-4.461647E-4;-0.99440444;0.10544332
4710085157;11;167.8945;0.0268788;0.7383602
4710112032;0;-0.30418757;2.7508488;9.897313
4711287032;3;0.07230905;-0.0047340663;0.17622943
4712461668;0;-0.37597227;2.5112674;9.77498
4713253699;4;-4.89375;-14.887501;-36.61875
4713253699;6;2.3501182;-0.22800304;0.039959107
4713253699;7;-0.6958125;0.69297945;-0.1887448;-0.7171686;-0.6846086;0.13030937;-0.0389146;0.2260327;0.9733422
4713636251;3;0.04909685;-0.0132859275;0.21226943
4714782866;1;0.1231525;0.01646249;9.805862
4714782866;2;-0.5095005;2.3724077;-0.29887962
4714782866;18;8.1388716E-4;-0.0062825107;-0.00405719
4714782866;12;-0.00615275;-0.001508647;-0.9942003;0.10735751
4714782866;11;167.67313;-0.09618287;0.7195438
4714810522;0;-0.39032918;2.2671995;9.763016
4715984741;3;0.028328042;-0.026724568;0.25136364
4717159376;0;-0.37836507;2.070988;9.7654085
4718334012;3;-9.926268E-4;-0.040163208;0.2892362
4719482189;1;0.12133505;0.031461403;9.80585
4719482189;2;-0.48246324;1.9344584;-0.3177309
4719482189;18;0.0015823602;-0.006192092;-0.0035152535
4719482189;12;-0.00597469;-0.0022691297;-0.994017;0.10903808
4719482189;11;167.47888;-0.18381491;0.70892704
4719509064;0;-0.3376871;1.8625133;9.729516
4720684064;3;-0.027869906;-0.049936764;0.32283276
4721858699;0;-0.30179477;1.5873387;9.739087
4723033282;3;-0.05413634;-0.059099473;0.35215345
4723253699;4;-2.6437502;-14.231251;-34.95
4723253699;6;2.7760508;-0.13279478;0.028318789
4723253699;7;-0.9322156;0.35430834;-0.073754095;-0.36081347;-0.9257075;0.11348593;-0.02806571;0.13240483;0.99079823
4724179897;1;0.121016964;0.03980099;9.805822
4724179897;2;-0.41387445;1.4075857;-0.29368687
4724179897;18;0.0020120535;-0.0061759334;-0.0027983508
4724179897;12;-0.0059084217;-0.0026983444;-0.99386215;0.11043501
4724179897;11;167.3175;-0.23253967;0.7070707
4724207553;0;-0.27756742;1.3094722;9.798908
4725381772;3;-0.07551599;-0.07070557;0.37170056
4726556407;0;-0.2009971;1.0893325;9.839885
4727731043;3;-0.09078717;-0.07437065;0.38575006
4728879220;2;-0.26441103;0.9458615;-0.20693016
4728879220;1;0.12236804;0.04297946;9.805792
4728879220;18;0.002179216;-0.006243434;-0.0019506722
4728879220;11;167.15442;-0.25111017;0.714966
4728879220;12;-0.0059549115;-0.002875494;-0.9937033;0.11184807
4728906095;0;-0.076570325;0.89072824;9.868599
4730081095;3;-0.098117344;-0.07437065;0.38819343
4731255730;0;0.086141616;0.72053874;9.9140625
4732430314;3;-0.101171575;-0.07070557;0.3826958
4733253647;4;-3.7500002;-13.14375;-35.475002
4733253647;6;2.8919215;-0.05615844;-0.025695419
4733253647;7;-0.96903014;0.24669568;0.011031913;-0.24560626;-0.96746606;0.060718875;0.025652086;0.056128923;0.9980939
4733576928;1;0.12587039;0.043003686;9.805748
4733576928;2;0.042044073;0.5963027;-0.12209034
4733576928;18;0.0021859228;-0.0064200386;-0.0010446439
4733576928;12;-0.0061291503;-0.0029032168;-0.9935827;0.11290443
4733576928;11;167.03255;-0.25125173;0.7354305
4733604585;0;0.25603202;0.5602196;9.961919
4734778803;3;-0.10056073;-0.062764555;0.36864632
4735953439;0;0.36400816;0.33529428;10.0576315
4737128074;3;-0.09323056;-0.05787778;0.3478775
4738276251;1;0.13071613;0.040377654;9.805696
4738276251;2;0.26929352;0.19918028;0.055817604
4738276251;18;0.0020576331;-0.0066651716;-1.6571E-4
4738276251;12;-0.006388248;-0.0028015443;-0.99352;0.11344314
4738276251;11;166.97044;-0.23590884;0.76374376
4738303126;0;0.4429713;0.14596218;10.17488
4739478126;3;-0.08284616;-0.054212693;0.32100025
4740652762;0;0.5913263;0.0047856453;10.232307
4741827345;3;-0.06513159;-0.043217443;0.28251687
4742973960;2;0.5323683;-0.07624017;0.17525864
4742973960;1;0.1367981;0.036968376;9.805626
4742973960;18;0.0018892107;-0.006973781;6.1634975E-4
4742973960;11;166.96901;-0.21598987;0.7992804
4742973960;12;-0.006716045;-0.0026641092;-0.99351674;0.113455825
4743001616;0;0.7540382;-0.08135597;10.241879
4743253647;4;-3.0;-13.106251;-35.1375
4743253647;6;3.1366384;0.012072293;-0.08327138
4743253647;7;-0.9965178;0.004953905;0.08323376;-0.0059411777;-0.99991494;-0.011617951;0.08316912;-0.012072;0.99646235
4744175835;3;-0.048638713;-0.030389652;0.23548162
4745350470;0;0.8572287;-0.124426775;10.270593
4746525105;3;-0.030313294;-0.017561859;0.1835596
4747673282;2;0.7361783;-0.18369344;0.21653938
4747673282;1;0.14346667;0.034354765;9.805541
4747673282;18;0.0017605848;-0.007312827;0.0012208808
4747673282;12;-0.00707051;-0.002566121;-0.99358135;0.112869464
4747673282;11;167.03667;-0.20071961;0.8382452
4747700157;0;0.9098708;-0.17228323;10.289736
4748875157;3;-0.013209572;-0.010231691;0.13102673
4750049793;0;0.9242278;-0.21774685;10.241879
4751224376;3;2.2906772E-4;-0.004123219;0.07177455
4752370991;1;0.1499363;0.03258497;9.8054495
4752370991;2;0.78577954;-0.24293095;0.14588642
4752370991;18;0.0016735534;-0.0076422114;0.0015871275
4752370991;12;-0.007410519;-0.0025076661;-0.99367064;0.11206004
4752370991;11;167.12999;-0.19037947;0.87604845
4752398647;0;0.9553344;-0.2009971;10.179666
4753253699;4;-4.2937503;-15.01875;-36.91875
4753253699;6;3.098062;0.010806445;-0.09771086
4753253699;7;-0.99424136;0.0435144;0.09793104;-0.04436258;-0.99899423;-0.006499186;0.09754976;-0.010806235;0.99517196
4753572866;3;0.010613471;0.0019852535;0.01007898
4754747501;0;0.9936196;-0.11006984;10.136595
4755922085;3;0.018554486;0.0062611843;-0.05222744
4757070314;1;0.15606667;0.032744724;9.805353
4757070314;2;0.8261641;-0.11620931;0.04495144
4757070314;18;0.0016829389;-0.007954634;0.0016800759
4757070314;12;-0.0077228774;-0.00254276;-0.99378425;0.111025795
4757070314;11;167.24915;-0.19131282;0.91186994
4757097137;0;0.97926265;-0.05503492;10.083953
4757688074;13;19.0
4758272189;3;0.027106347;0.020310672;-0.1163664
4759446824;0;0.9385847;-0.02871387;10.007382
4760621407;3;0.01977618;0.017256435;-0.17806198
4761768022;1;0.15602459;0.03373343;9.80535
4761768022;2;0.74720347;-0.039415713;-0.08304119
4761768022;18;0.0017317738;-0.007952746;0.0014822681
4761768022;12;-0.0077167316;-0.0025879056;-0.9938519;0.11041832
4761768022;11;167.31915;-0.19708943;0.9116244
4761795678;0;0.87637126;0.019142581;9.957133
4762969897;3;0.018554486;0.02275406;-0.23853585
4763253699;4;-5.3625;-13.06875;-35.831253
4763253699;6;2.9560437;-0.004556166;-0.08165264
4763253699;7;-0.9796291;0.18448408;0.07932419;-0.1835061;-0.98282486;0.01951006;0.08156109;0.00455615;0.9966579
4764144532;0;0.8138588;0.04546363;9.945169
4765319116;3;0.010613471;0.020310672;-0.29412296
4766467345;2;0.64325494;0.03175166;-0.12479496
4766467345;1;0.15583713;0.034372583;9.805351
4766467345;18;0.0017604635;-0.007944002;9.932382E-4
4766467345;12;-0.007704702;-0.002616094;-0.9938969;0.110012524
4766467345;11;167.3659;-0.20082372;0.9105292
4766494168;0;0.7923234;0.08853444;9.935597
4767669220;3;0.0051158457;0.019699825;-0.35215345
4768843855;0;0.72771716;0.16510476;9.930812
4770018439;3;-3.8177954E-4;0.016034741;-0.40529716
4771165001;1;0.15569079;0.034741327;9.805353
4771165001;2;0.529688;0.1498816;-0.13660717
4771165001;18;0.0017732301;-0.007937869;2.3390034E-4
4771165001;12;-0.007698087;-0.0026255592;-0.9940164;0.108927615
4771165001;11;167.49097;-0.20297815;0.90967405
4771192657;0;0.6511469;0.20578274;9.926026
4772366876;3;-0.0052685575;0.015423893;-0.45538664
4773253699;4;-3.15;-12.975;-36.412502
4773253699;6;3.0595632;-0.025977284;-0.059248522
4773253699;7;-0.9950147;0.081909925;0.056890216;-0.08026092;-0.9963012;0.030693438;0.059193883;0.025974361;0.9979085
4773541512;0;0.58893347;0.25842485;9.928419
4774716147;3;-0.010766183;0.015423893;-0.4987568
4775864376;1;0.15534408;0.034851883;9.805358
4775864376;2;0.37802064;0.25510892;-0.111343384
4775864376;18;0.0017708547;-0.0079219835;-7.7704364E-4
4775864376;12;-0.0076834126;-0.0026189524;-0.9941615;0.107596755
4775864376;11;167.64438;-0.20362407;0.90764827
4775891199;0;0.4860421;0.32333016;9.978668
4777066251;3;-0.014431266;0.016034741;-0.53785104
4778240835;0;0.38793638;0.36400816;10.036097
4779415418;3;-0.017485503;0.017256435;-0.56839335
4780562032;1;0.15463758;0.034905557;9.805368
4780562032;2;0.184824;0.33405912;-0.01079464
4780562032;18;0.0017640111;-0.007888115;-0.0019951672
4780562032;12;-0.0076509123;-0.0026072278;-0.9943095;0.10622303
4780562032;11;167.80272;-0.20393768;0.9035199
4780589689;0;0.29940194;0.37597227;10.071989
4781763907;3;-0.016263809;0.019088976;-0.59221643
4782938543;0;0.18185452;0.3711866;10.088738
4783253699;4;-1.85625;-13.63125;-35.737503
4783253699;6;3.0063765;-0.03772246;-0.0052178595
4783253699;7;-0.99088526;0.13470851;8.6328444E-5;-0.13460758;-0.99016726;0.038072158;0.0052141235;0.037713517;0.9992749
4784113178;3;-0.013820419;0.019088976;-0.6111527
4785261407;2;-0.040332243;0.3396839;0.02387333
4785261407;1;0.153579;0.03525663;9.805384
4785261407;18;0.0017713353;-0.007836596;-0.003358597
4785261407;12;-0.007600096;-0.0026054578;-0.99450165;0.10441237
4785261407;11;168.01135;-0.20598887;0.89733446
4785288230;0;0.0526421;0.3807579;10.088738
4786463282;3;-0.008322794;0.020310672;-0.61970454
4787637866;0;-0.069391854;0.44536412;10.079167
4788812449;3;-0.003436016;0.020310672;-0.6227588
4789959064;1;0.15213329;0.03618348;9.805404
4789959064;18;0.0018076095;-0.0077656605;-0.004804879
4789959064;2;-0.26389363;0.42970827;0.0070905685
4789959064;11;168.17224;-0.21140404;0.888887
4789959064;12;-0.0075255525;-0.0026341958;-0.99464774;0.10301608
4789986720;0;-0.14596218;0.4884349;10.06481
4791160939;3;0.0014507623;0.023975754;-0.6215371
4792335574;0;-0.21296121;0.49800622;10.093524
4793253647;4;-4.40625;-11.887501;-35.98125
4793253647;6;2.6399293;-0.053553022;0.02929921
4793253647;7;-0.8756535;0.48019508;-0.051414862;-0.48205295;-0.8755269;0.032824323;-0.02925302;0.05352743;0.9981378
4793510210;3;0.0038941512;0.021532366;-0.6154286
4794658387;2;-0.40949216;0.48229757;0.048911095
4794658387;1;0.15053613;0.03742824;9.805423
4794658387;18;0.0018602347;-0.0076872553;-0.006266125
4794658387;12;-0.007440727;-0.0026814067;-0.994752;0.10200955
4794658387;11;168.28816;-0.21867669;0.8795549
4794685262;0;-0.2970091;0.54346985;10.134202
4795860262;3;0.005726693;0.021532366;-0.6026008
4797034897;0;-0.39032918;0.6152545;10.134202
4798209480;3;0.010002624;0.023364907;-0.58366454
4799356095;1;0.14848667;0.039107803;9.805448
4799356095;2;-0.5869469;0.6002782;0.060788155
4799356095;18;0.0019356718;-0.007586069;-0.0076967236
4799356095;12;-0.0073313997;-0.0027469706;-0.9948766;0.10079299
4799356095;11;168.42825;-0.22848968;0.86757994
4799383751;0;-0.47886363;0.6655038;10.117453
4800557970;3;0.013667707;0.030084228;-0.5561764
4801732605;0;-0.5458627;0.7013961;10.14138
4802907241;3;0.015500249;0.028251685;-0.5238015
4803253803;4;-2.9250002;-14.231251;-37.2
4803253803;6;2.7213805;-0.072758816;0.059761584
4803253803;7;-0.90960133;0.40687478;-0.08413313;-0.41118988;-0.91058683;0.04188642;-0.059567995;0.07269464;0.99557376
4804055418;1;0.14632861;0.041088257;9.805471
4804055418;2;-0.72718203;0.6796443;0.08699894
4804055418;18;0.0020274848;-0.0074795317;-0.009034912
4804055418;12;-0.007215074;-0.002827861;-0.99499506;0.0996233
4804055418;11;168.56291;-0.24006066;0.8549706
4804082293;0;-0.60807604;0.74207413;10.162916
4805257293;3;0.019165333;0.02275406;-0.48959407
4806431928;0;-0.68464637;0.7899306;10.127024
